16945 -118.322098 34.26516
20805 -117.168358 32.732224
6836 -123.28138 38.607433
5865 -123.378487 38.889503
7628 -122.253967 38.227867
11968 -120.24157 36.258015
11062 -119.780006 36.753769
6024 -121.425842 39.008579
11216 -118.120377 36.70591
17065 -117.29744 34.245834
19732 -117.496841 33.344639
2351 -122.445053 40.56102
1710 -120.501343 40.929657
7144 -122.943237 38.357101
2168 -121.530357 40.600456
14648 -120.66703 35.269051
19582 -116.590858 33.487835
1457 -123.973373 41.271294
14803 -115.31147 35.150642
7792 -122.923309 38.215973
9981 -118.876259 37.362728
16329 -118.717163 34.605778
3559 -122.983017 39.948868
14048 -120.388779 35.457577
9286 -120.225906 37.521259
16286 -117.056648 34.668182
13225 -116.485191 35.693615
7648 -120.835457 38.173218
11387 -118.99202 36.712517
14077 -118.901314 35.442886
1807 -120.353943 40.838223
4691 -123.791397 39.299648
13106 -119.746201 35.735668
14530 -118.410461 35.427643
5460 -122.439598 39.172562
4166 -121.746498 39.668777
14831 -120.601341 35.188927
8195 -122.059883 37.93919
16122 -120.40255 34.527092
4671 -120.668861 39.300514
16341 -116.858994 34.443668
16761 -117.249367 34.376759
5385 -120.834648 39.184444
6887 -123.165848 38.60009
4230 -123.783974 39.602371
7591 -120.446854 38.205235
19900 -117.112617 33.131088
7414 -120.71801 38.252159
15306 -117.000732 34.920341
5018 -121.149307 39.538628
16963 -116.821953 34.261868
1097 -121.905128 41.422672
12010 -121.794647 36.525837
14744 -118.405571 35.129467
17169 -114.601288 34.195091
10933 -118.805992 36.815395
1272 -120.934982 41.210602
2958 -123.830429 40.264889
8688 -120.244888 37.759731
17704 -118.303673 34.093376
1427 -121.078453 41.158672
1580 -121.633919 41.088646
15065 -120.317528 35.027466
7200 -122.670471 38.465332
17664 -117.743813 34.077225
20220 -115.463829 32.974331
4191 -121.467033 39.774895
8647 -121.613113 37.845379
9209 -120.734207 37.573017
563 -122.88237 41.635265
9849 -120.787567 37.313248
1201 -120.879646 41.303562
13960 -118.984512 35.506252
7120 -119.516251 38.598537
14764 -117.979446 35.128372
18890 -115.448708 33.772438
15046 -120.509216 35.07988
2312 -124.147186 40.530041
3570 -122.91436 39.917114
20667 -114.900009 33.029785
18327 -118.086349 33.936981
7109 -120.791054 38.367489
4010 -120.029778 39.71328
2084 -124.141113 40.601135
17621 -117.634819 34.095085
8937 -118.707443 37.891739
17870 -117.677727 34.035793
17637 -117.970238 34.120586
19767 -116.675827 33.245361
10821 -118.322517 36.773716
19756 -116.376633 33.264557
4462 -121.90892 39.534946
3702 -122.731339 39.818584
18966 -117.984444 33.670189
16745 -117.461037 34.319637
12027 -121.153214 36.307903
5893 -123.018631 38.829212
15820 -120.579773 34.708935
15561 -118.666451 34.78138
2714 -121.852097 40.457848
